100
-619
-8
104
-715
-659
710
-414
-425
383
-830
-132
543
238
-458
-754
-729
429
-454
980
-52
44
-604
320
-614
107
411
-986
-273
-372
565
-369
-521
702
720
-60
411
-667
754
102
-372
-73
-652
845
208
-482
-163
367
582
-544
-523
-389
-672
54
987
601
-821
-817
341
320
853
-373
436
605
-929
169
-743
-248
127
-752
-995
-793
993
-555
-65
657
219
108
-972
870
809
75
-230
298
-545
-577
208
-890
-295
521
97
307
168
159
490
-55
-245
-306
652
222
-23